0.000010
0.000030
0.000037
0.000044
0.000050
0.000059
0.000070
0.000247
0.000336
0.000416
0.000541
0.000767
0.001041
0.001300
0.001558
0.001910
0.002247
0.002546
0.002846
0.003105
0.003493
0.003867
0.004211
0.004584
0.005038
0.005456
0.005826
0.006271
0.006665
0.007137
0.007606
0.008071
0.008535
0.009042
0.009697
0.010201
0.010955
0.011669
0.012207
0.012792
0.013399
0.013980
0.014650
0.015294
0.016109
0.016652
0.017459
0.018347
0.019307
0.019981
0.020824
0.021611
0.022325
0.023036
0.023720
0.024670
0.025625
0.026560
0.027432
0.028150
0.028909
0.029988
0.030865
0.031974
0.033043
0.034155
0.035077
0.036048
0.037277
0.038242
0.039443
0.040788
0.041857
0.043358
0.044779
0.046143
0.047804
0.049215
0.050945
0.052629
0.054493
0.056915
0.059837
0.061955
0.064901
0.068428
0.071477
0.075174
0.079523
0.083689
0.088535
0.094565
0.102101
0.109090
0.119974
0.131691
0.144675
0.166910
0.196964
0.246784

0.000004
0.000007
0.000008
0.000010
0.000012
0.000016
0.000027
0.000099
0.000150
0.000222
0.000297
0.000440
0.000656
0.001037
0.001585
0.002450
0.003910
0.005297
0.006543
0.008154
0.009885
0.012655
0.014993
0.017454
0.020148
0.023986
0.027766
0.031786
0.035832
0.039742
0.044976
0.050449
0.056684
0.063004
0.070494
0.077339
0.083197
0.090505
0.097843
0.105867
0.112576
0.121244
0.129247
0.136666
0.144106
0.152389
0.160427
0.171049
0.178837
0.185268
0.197289
0.207723
0.216839
0.227968
0.239495
0.250924
0.262466
0.276981
0.290124
0.302446
0.315975
0.332688
0.345463
0.356727
0.374254
0.392929
0.414375
0.434919
0.456914
0.483215
0.510317
0.531893
0.559292
0.586811
0.620782
0.663724
0.701290
0.736978
0.786907
0.843783
0.905178
0.965433
1.043446
1.130270
1.228880
1.319208
1.422405
1.546523
1.675128
1.863258
2.090287
2.359375
2.664391
3.160686
3.563908
4.145845
4.869353
5.865812
8.305591
12.578016

0.002419
0.011169
0.016487
0.020775
0.024929
0.028116
0.031719
0.034558
0.036828
0.039475
0.041403
0.044140
0.046077
0.048335
0.050304
0.052575
0.055576
0.057648
0.059995
0.062300
0.064201
0.066411
0.068836
0.070629
0.072146
0.074802
0.077100
0.079361
0.081907
0.083933
0.086067
0.088478
0.090203
0.092367
0.094675
0.096928
0.099443
0.101707
0.104089
0.106489
0.109028
0.111813
0.114405
0.117035
0.119083
0.121947
0.125336
0.128215
0.130957
0.133991
0.136137
0.139384
0.141597
0.144122
0.146773
0.150287
0.153490
0.156566
0.159344
0.162657
0.166023
0.168756
0.171858
0.174890
0.178936
0.182423
0.185615
0.190086
0.194392
0.199241
0.204039
0.208474
0.212757
0.217750
0.222146
0.226836
0.233557
0.238497
0.244271
0.250294
0.257726
0.264550
0.270982
0.276097
0.285148
0.295248
0.304294
0.315122
0.326066
0.338955
0.355508
0.371210
0.387223
0.407508
0.430655
0.464324
0.500506
0.542803
0.609796
0.769535

-0.246499
-0.085350
-0.060013
-0.048982
-0.040162
-0.033920
-0.028431
-0.024026
-0.020662
-0.018401
-0.016648
-0.014482
-0.013075
-0.011706
-0.010730
-0.009417
-0.008367
-0.007457
-0.006664
-0.006001
-0.005356
-0.004758
-0.004285
-0.003782
-0.003372
-0.002885
-0.002488
-0.002192
-0.001971
-0.001633
-0.001408
-0.001155
-0.000973
-0.000791
-0.000623
-0.000497
-0.000402
-0.000299
-0.000222
-0.000150
-0.000102
-0.000058
-0.000028
-0.000013
-0.000009
-0.000005
-0.000002
0.000001
0.000006
0.000010
0.000016
0.000031
0.000073
0.000124
0.000193
0.000271
0.000355
0.000443
0.000528
0.000657
0.000763
0.000875
0.001000
0.001147
0.001301
0.001470
0.001684
0.001889
0.002067
0.002291
0.002599
0.002895
0.003160
0.003359
0.003737
0.004105
0.004470
0.004912
0.005371
0.006018
0.006464
0.006925
0.007582
0.008396
0.009328
0.010033
0.011052
0.012092
0.013253
0.014723
0.016334
0.017908
0.020052
0.022728
0.027098
0.032263
0.037986
0.044346
0.060860
0.082127

