0.000007
0.000020
0.000026
0.000031
0.000037
0.000041
0.000047
0.000052
0.000057
0.000062
0.000067
0.000073
0.000078
0.000082
0.000087
0.000092
0.000097
0.000102
0.000106
0.000111
0.000117
0.000124
0.000128
0.000135
0.000142
0.000148
0.000155
0.000161
0.000169
0.000176
0.000182
0.000189
0.000199
0.000209
0.000218
0.000228
0.000239
0.000249
0.000261
0.000272
0.000285
0.000303
0.000315
0.000333
0.000357
0.000380
0.000405
0.000430
0.000463
0.000503
0.000542
0.000576
0.000610
0.000652
0.000686
0.000727
0.000780
0.000821
0.000876
0.000931
0.000981
0.001035
0.001093
0.001164
0.001235
0.001297
0.001362
0.001439
0.001515
0.001619
0.001706
0.001800
0.001893
0.001996
0.002119
0.002244
0.002391
0.002530
0.002677
0.002829
0.002991
0.003177
0.003329
0.003466
0.003634
0.003851
0.004176
0.004456
0.004746
0.004983
0.005223
0.005526
0.005937
0.006564
0.007324
0.008304
0.009553
0.012077
0.016031
0.025808

0.000006
0.000024
0.000039
0.000048
0.000056
0.000063
0.000069
0.000074
0.000080
0.000086
0.000091
0.000098
0.000104
0.000113
0.000120
0.000127
0.000135
0.000141
0.000150
0.000156
0.000164
0.000170
0.000177
0.000184
0.000192
0.000201
0.000209
0.000218
0.000226
0.000232
0.000240
0.000248
0.000256
0.000264
0.000275
0.000287
0.000298
0.000306
0.000316
0.000327
0.000339
0.000348
0.000360
0.000373
0.000386
0.000400
0.000415
0.000429
0.000441
0.000455
0.000469
0.000486
0.000500
0.000518
0.000538
0.000557
0.000576
0.000595
0.000616
0.000638
0.000659
0.000685
0.000715
0.000743
0.000774
0.000809
0.000842
0.000868
0.000905
0.000941
0.000988
0.001023
0.001067
0.001129
0.001167
0.001221
0.001294
0.001359
0.001430
0.001501
0.001600
0.001710
0.001829
0.001947
0.002111
0.002279
0.002424
0.002654
0.002867
0.003115
0.003381
0.003670
0.004061
0.004358
0.004984
0.005670
0.006560
0.007775
0.010531
0.013834

0.000304
0.005673
0.008224
0.010272
0.012574
0.014417
0.016575
0.018397
0.020770
0.022775
0.024288
0.026141
0.028432
0.030033
0.031738
0.033609
0.034699
0.036659
0.038289
0.039919
0.041680
0.043564
0.045987
0.047951
0.050112
0.052513
0.054936
0.056788
0.059013
0.061658
0.063583
0.066394
0.069033
0.071246
0.074010
0.076285
0.078386
0.080400
0.082874
0.085361
0.088203
0.091029
0.093248
0.095779
0.099347
0.101931
0.104830
0.107839
0.110513
0.113484
0.116382
0.120174
0.123971
0.127413
0.130937
0.134876
0.139384
0.143292
0.146222
0.150364
0.154492
0.158147
0.161422
0.166093
0.169617
0.173511
0.177406
0.181338
0.185765
0.190652
0.193982
0.200126
0.204724
0.209092
0.214604
0.219635
0.225693
0.232856
0.239716
0.246006
0.251852
0.259800
0.267966
0.275133
0.282882
0.295023
0.303555
0.313753
0.324506
0.336940
0.349167
0.363590
0.380592
0.401582
0.426827
0.457293
0.489789
0.534172
0.608860
0.741295

-0.017385
-0.002869
-0.002283
-0.001811
-0.001425
-0.001197
-0.001029
-0.000860
-0.000749
-0.000642
-0.000583
-0.000495
-0.000434
-0.000381
-0.000338
-0.000287
-0.000243
-0.000213
-0.000185
-0.000166
-0.000153
-0.000134
-0.000119
-0.000105
-0.000096
-0.000085
-0.000075
-0.000067
-0.000061
-0.000054
-0.000048
-0.000044
-0.000040
-0.000035
-0.000032
-0.000028
-0.000025
-0.000022
-0.000019
-0.000016
-0.000013
-0.000011
-0.000009
-0.000007
-0.000005
-0.000004
-0.000002
-0.000000
0.000001
0.000002
0.000004
0.000005
0.000007
0.000009
0.000011
0.000013
0.000016
0.000018
0.000020
0.000023
0.000027
0.000030
0.000034
0.000037
0.000042
0.000047
0.000052
0.000057
0.000062
0.000069
0.000077
0.000084
0.000093
0.000105
0.000116
0.000129
0.000142
0.000154
0.000167
0.000186
0.000205
0.000226
0.000246
0.000276
0.000305
0.000332
0.000361
0.000400
0.000453
0.000502
0.000553
0.000629
0.000712
0.000827
0.000960
0.001118
0.001317
0.001582
0.001989
0.002647

