0.002664
0.005635
0.006490
0.007355
0.008072
0.008796
0.009392
0.010019
0.010565
0.011091
0.011816
0.012381
0.012966
0.013601
0.014537
0.015116
0.016022
0.016724
0.017838
0.018793
0.019986
0.021238
0.022638
0.024013
0.025689
0.027366
0.029292
0.030695
0.032122
0.034080
0.036584
0.038821
0.040824
0.043216
0.045412
0.047921
0.050288
0.053341
0.056488
0.059314
0.062088
0.064975
0.068141
0.072166
0.076381
0.080827
0.084724
0.089533
0.094206
0.099076
0.103832
0.110561
0.116443
0.122281
0.128852
0.134970
0.144011
0.151834
0.162297
0.173274
0.183336
0.197965
0.212122
0.225838
0.238443
0.254772
0.266557
0.279721
0.296782
0.319103
0.335650
0.363851
0.396818
0.427053
0.464588
0.506555
0.538843
0.583699
0.631527
0.677468
0.723645
0.800193
0.874107
0.991674
1.077832
1.233076
1.402852
1.661661
2.107865
3.002940
4.778006
45.694061
73.950600
105.510727
127.113693
149.080978
187.767914
246.545181
353.340088
522.265564

0.001309
0.010359
0.015047
0.017644
0.021025
0.024002
0.026782
0.028640
0.031142
0.033486
0.035636
0.037514
0.038970
0.041187
0.043104
0.045157
0.046840
0.049323
0.050971
0.052578
0.054304
0.056068
0.058031
0.059417
0.061194
0.063412
0.064909
0.066591
0.068078
0.069728
0.071506
0.073338
0.075205
0.076662
0.078301
0.079822
0.081677
0.083490
0.084795
0.086727
0.088827
0.090269
0.092126
0.093960
0.095494
0.097235
0.099237
0.101038
0.102536
0.104455
0.106634
0.108782
0.110844
0.112633
0.115088
0.117190
0.118958
0.121726
0.123700
0.125835
0.128507
0.130523
0.133491
0.136102
0.138337
0.141464
0.144708
0.148505
0.151398
0.154935
0.157349
0.160855
0.164312
0.167469
0.172474
0.176467
0.181500
0.186646
0.192321
0.199734
0.205684
0.212389
0.218901
0.229493
0.237946
0.248067
0.259251
0.269923
0.282513
0.296190
0.309711
0.327227
0.349884
0.370270
0.401835
0.439535
0.482051
0.566376
0.751236
1.093824

-0.007425
-0.002923
-0.001660
-0.001190
-0.000967
-0.000841
-0.000751
-0.000663
-0.000590
-0.000543
-0.000500
-0.000462
-0.000423
-0.000390
-0.000364
-0.000339
-0.000312
-0.000293
-0.000271
-0.000255
-0.000241
-0.000224
-0.000214
-0.000201
-0.000191
-0.000178
-0.000169
-0.000159
-0.000151
-0.000143
-0.000134
-0.000126
-0.000119
-0.000110
-0.000104
-0.000096
-0.000088
-0.000081
-0.000076
-0.000070
-0.000065
-0.000059
-0.000054
-0.000049
-0.000046
-0.000041
-0.000037
-0.000032
-0.000029
-0.000025
-0.000022
-0.000019
-0.000016
-0.000013
-0.000009
-0.000007
-0.000004
-0.000003
-0.000001
0.000000
0.000001
0.000003
0.000005
0.000007
0.000010
0.000013
0.000017
0.000021
0.000027
0.000031
0.000038
0.000043
0.000052
0.000060
0.000070
0.000080
0.000090
0.000103
0.000116
0.000131
0.000148
0.000169
0.000194
0.000217
0.000252
0.000285
0.000318
0.000352
0.000397
0.000436
0.000504
0.000565
0.000652
0.000745
0.000853
0.001004
0.001196
0.001545
0.002029
0.003706

