0.011034
0.006706
0.001506
0.000700
0.000887
0.001247
0.010230
0.036806
0.044298
0.019509
0.003961
0.002303
0.001807
0.001709
0.001643
0.001845
0.001882
0.001823
0.001958
0.002764
0.008029
0.023746
0.035572
0.024460
0.007866
0.002499
0.002071
0.003800
0.005862
0.004595
0.002280
0.001669
0.001549
0.001389
0.001393
0.001527
0.002067
0.004172
0.006507
0.005635
0.004596
0.012005
0.022438
0.018678
0.007362
0.002499
0.001793
0.002004
0.002140
0.001955
0.001587
0.001479
0.001526
0.001527
0.001527
0.001566
0.001568
0.001438
0.001375
0.001411
0.001439
0.001457
0.001451
0.001529
0.001711
0.001737
0.001564
0.001404
0.001354
0.001439
0.001589
0.001712
0.001706
0.001541
0.001432
0.001608
0.001700
0.001439
0.001203
0.001223
0.001256
0.001214
0.001416
0.002844
0.005512
0.006542
0.004626
0.002517
0.001691
0.001504
0.001408
0.001373
0.001372
0.001468
0.001709
0.001621
0.001332
0.001217
0.001251
0.001328
0.001410
0.001460
0.001386
0.001379
0.001724
0.002344
0.002782
0.002353
0.001502
0.001126
0.001145
0.001268
0.001312
0.001285
0.001235
0.001112
0.001040
0.001120
0.001280
0.001388
0.001345
0.001251
0.001148
0.001144
0.001193
0.001188
0.001225
0.001350
0.001457
0.001442
0.001361
0.001350
0.001429
0.001345
0.001189
0.001143
0.001132
0.001113
0.001043
0.001069
0.001213
0.001272
0.001238
0.001281
0.001341
0.001294
0.001283
0.001359
0.001354
0.001349
0.001433
0.001449
0.001303
0.001178
0.001134
0.001136
0.001135
0.001176
0.001256
0.001201
0.001103
0.001139
0.001253
0.001245
0.001184
0.001183
0.001229
0.001291
0.001317
0.001268
0.001094
0.001058
0.001211
0.001251
0.001162
0.001176
0.001222
0.001130
0.001085
0.001068
0.001025
0.001005
0.001030
0.001205
0.001346
0.001290
0.001258
0.001354
0.001446
0.001395
0.001283
0.001273
0.001218
0.001084
0.001088
0.001150
0.001176
0.001176
0.001081
0.001002
0.001058
0.001125
0.001173
0.001253
0.001292
0.001272
0.001238
0.001161
0.001087
0.001084
0.001118
0.001149
0.001249
0.001383
0.001389
0.001255
0.001183
0.001197
0.001192
0.001250
0.001269
0.001186
0.001126
0.001219
0.001298
0.001195
0.001148
0.001234
0.001318
0.001342
0.001310
0.001328
0.001397
0.001371
0.001387
0.001492
0.001491
0.001315
0.001236
0.001341
0.001452
0.001496
0.001416
0.001326
0.001341
0.001455
0.001467
0.001349
0.001347
0.001317
0.001246
0.001292
0.001403
0.001436
0.001356
0.001416
0.001491
0.001474
0.001470
0.001496
0.001597
0.001617
0.001524
0.001442
0.001355
0.001301
0.001324
0.001267
0.001240
0.001373
0.001404
0.001440
0.001527
0.001442
0.001380
0.001372
0.001401
0.001530
0.001546
0.001450
0.001426
0.001451
0.001468
0.001467
0.001509
0.001588
0.001551
0.001532
0.001551
0.001506
0.001559
0.001658
0.001617
0.001561
0.001710
0.001819
0.001660
0.001447
0.001386
0.001507
0.001572
0.001553
0.001528
0.001460
0.001413
0.001487
0.001549
0.001536
0.001456
0.001365
0.001470
0.001600
0.001591
0.001601
0.001644
0.001694
0.001870
0.002014
0.001948
0.001737
0.001561
0.001545
0.001602
0.001545
0.001422
0.001426
0.001510
0.001537
0.001587
0.001587
0.001535
0.001537
0.001510
0.001524
0.001647
0.001669
0.001589
0.001513
0.001552
0.001674
0.001789
0.001797
0.001693
0.001720
0.001717
0.001717
0.001738
0.001696
0.001661
0.001748
0.001875
0.001865
0.001846
0.001821
0.001917
0.002094
0.002015
0.001763
0.001675
0.001759
0.001882
0.001913
0.001875
0.001964
0.001959
0.001776
0.001681
0.001572
0.001391
0.001440
0.001647
0.001738
0.001674
0.001593
0.001597
0.001602
0.001565
0.001504
0.001461
0.001461
0.001503
0.001504
0.001430
0.001353
0.001342
0.001475
0.001537
0.001474
0.001456
0.001406
0.001357
0.001468
0.001579
0.001508
0.001402
0.001373
0.001430
0.001420
0.001432
0.001469
0.001346
0.001311
0.001353
0.001326
0.001264
0.001262
0.001304
0.001349
0.001400
0.001422
0.001418
0.001408
0.001402
0.001350
0.001292
0.001258
0.001278
0.001302
0.001358
0.001493
0.001488
0.001403
0.001341
0.001303
0.001268
0.001240
0.001241
0.001224
0.001175
0.001153
0.001204
0.001212
0.001258
0.001271
0.001163
0.001111
0.001105
0.001119
0.001156
0.001146
0.001106
0.001008
0.000946
0.000995
0.000969
0.000901
0.000907
0.000920
0.000950
0.000994
0.001002
0.000955
0.000907
0.000940
0.000922
0.000886
0.000892
0.000934
0.001025
0.001059
0.000968
0.000837
0.000807
0.000877
0.000938
0.000895
0.000786
0.000758
0.000817
0.000822
0.000780
0.000758
0.000732
0.000716
0.000715
0.000756
0.000783
0.000800
0.000831
0.000822
0.000813
0.000858
0.000856
0.000751
0.000705
0.000775
0.000803
0.000722
0.000654
0.000651
0.000639
0.000658
0.000716
0.000685
0.000635
0.000607
0.000604
0.000625
0.000641
0.000614
0.000552
0.000537
0.000577
0.000644
0.000693
0.000657
0.000587
0.000592
0.000641
0.000657
0.000651
0.000648
