0.001429
0.002673
0.003372
0.004010
0.004514
0.004894
0.005458
0.005828
0.006259
0.006792
0.007377
0.007945
0.008885
0.010221
0.011744
0.013367
0.014920
0.016590
0.018978
0.021827
0.024322
0.026230
0.028656
0.031528
0.035386
0.038096
0.041277
0.044165
0.048684
0.053482
0.057935
0.062229
0.066422
0.070402
0.074866
0.081686
0.086690
0.091359
0.097006
0.102053
0.108045
0.114679
0.122022
0.128889
0.134916
0.142353
0.148604
0.157525
0.168400
0.179350
0.191699
0.203860
0.218513
0.234247
0.248856
0.265169
0.279925
0.293536
0.312972
0.331338
0.347397
0.366195
0.385644
0.408310
0.438931
0.466833
0.497916
0.527224
0.568913
0.609027
0.650572
0.686342
0.727351
0.779747
0.844781
0.930205
1.016673
1.093593
1.220172
1.324407
1.507957
1.674761
1.893746
2.135647
2.377007
2.814155
3.300811
4.268900
5.345427
7.820201
17.605837
73.301712
116.816872
159.105682
212.490021
271.591064
378.286804
503.177002
684.478577
959.155518

0.000533
0.010263
0.017422
0.021189
0.024041
0.026384
0.029253
0.031682
0.034298
0.037005
0.039139
0.041190
0.043060
0.045063
0.047079
0.048806
0.050441
0.052467
0.054338
0.056058
0.058219
0.060560
0.062454
0.064289
0.065899
0.067772
0.069905
0.071754
0.073831
0.075616
0.077324
0.078747
0.080755
0.082362
0.083663
0.085462
0.087278
0.089092
0.091060
0.092299
0.093999
0.095744
0.097991
0.100288
0.101915
0.103706
0.105605
0.107333
0.109031
0.110637
0.113130
0.115225
0.117730
0.119182
0.121029
0.123277
0.124882
0.126993
0.128942
0.132066
0.134357
0.137024
0.139190
0.141420
0.144028
0.146734
0.149688
0.152258
0.155759
0.158954
0.161930
0.164774
0.167845
0.172781
0.177399
0.181305
0.186908
0.191650
0.199077
0.204983
0.212443
0.218980
0.227675
0.236854
0.248603
0.258282
0.268616
0.281807
0.305099
0.325812
0.344159
0.372774
0.401625
0.436773
0.477796
0.529531
0.634671
0.763098
0.961018
1.306199

-0.020177
-0.005814
-0.004177
-0.003320
-0.002663
-0.002205
-0.001888
-0.001604
-0.001431
-0.001258
-0.001152
-0.001044
-0.000957
-0.000866
-0.000802
-0.000743
-0.000691
-0.000629
-0.000574
-0.000525
-0.000485
-0.000454
-0.000422
-0.000395
-0.000367
-0.000343
-0.000319
-0.000299
-0.000280
-0.000258
-0.000239
-0.000222
-0.000209
-0.000192
-0.000178
-0.000166
-0.000151
-0.000142
-0.000133
-0.000125
-0.000117
-0.000107
-0.000099
-0.000091
-0.000084
-0.000075
-0.000069
-0.000061
-0.000054
-0.000048
-0.000042
-0.000037
-0.000031
-0.000027
-0.000022
-0.000018
-0.000014
-0.000011
-0.000009
-0.000006
-0.000004
-0.000003
-0.000001
0.000000
0.000002
0.000004
0.000006
0.000010
0.000014
0.000019
0.000026
0.000039
0.000053
0.000071
0.000090
0.000114
0.000139
0.000170
0.000200
0.000229
0.000264
0.000305
0.000338
0.000388
0.000444
0.000521
0.000572
0.000655
0.000771
0.000878
0.001023
0.001201
0.001389
0.001545
0.001807
0.002303
0.002892
0.003675
0.005352
0.009189

