0.000003
0.000005
0.000006
0.000007
0.000008
0.000008
0.000009
0.000009
0.000010
0.000011
0.000012
0.000013
0.000017
0.000025
0.000032
0.000039
0.000046
0.000053
0.000059
0.000065
0.000071
0.000077
0.000083
0.000089
0.000096
0.000102
0.000106
0.000112
0.000119
0.000126
0.000133
0.000141
0.000148
0.000154
0.000162
0.000173
0.000180
0.000188
0.000194
0.000202
0.000209
0.000219
0.000224
0.000233
0.000242
0.000252
0.000265
0.000274
0.000286
0.000297
0.000310
0.000321
0.000333
0.000347
0.000366
0.000383
0.000401
0.000422
0.000443
0.000459
0.000481
0.000502
0.000526
0.000550
0.000575
0.000603
0.000633
0.000664
0.000696
0.000733
0.000767
0.000810
0.000850
0.000904
0.000959
0.001002
0.001054
0.001117
0.001176
0.001234
0.001289
0.001348
0.001428
0.001487
0.001566
0.001638
0.001731
0.001844
0.001954
0.002109
0.002289
0.002480
0.002652
0.002957
0.003397
0.003885
0.004401
0.005204
0.006785
0.010737

0.000002
0.000002
0.000003
0.000003
0.000003
0.000004
0.000004
0.000005
0.000005
0.000008
0.000012
0.000026
0.000130
0.000253
0.000357
0.000501
0.000616
0.000740
0.000891
0.000996
0.001139
0.001254
0.001380
0.001496
0.001596
0.001695
0.001819
0.001945
0.002097
0.002300
0.002498
0.002677
0.002912
0.003096
0.003346
0.003496
0.003646
0.003900
0.004115
0.004363
0.004545
0.004742
0.005062
0.005297
0.005601
0.005883
0.006177
0.006489
0.006787
0.007038
0.007352
0.007640
0.007871
0.008193
0.008557
0.008806
0.009174
0.009611
0.009928
0.010365
0.010861
0.011298
0.011686
0.012200
0.012667
0.013207
0.013849
0.014317
0.014870
0.015486
0.016059
0.016692
0.017370
0.018140
0.018907
0.019784
0.020711
0.021714
0.022994
0.024253
0.025390
0.026812
0.028574
0.030328
0.032029
0.034191
0.036427
0.039046
0.042281
0.046131
0.048862
0.054068
0.059968
0.066200
0.073340
0.082788
0.096490
0.114057
0.152433
0.210212

0.002407
0.011324
0.017909
0.023190
0.027278
0.032511
0.035993
0.039529
0.043774
0.046864
0.049654
0.053194
0.057025
0.059952
0.062602
0.065704
0.068617
0.071266
0.073766
0.076822
0.079483
0.082524
0.084772
0.087945
0.090839
0.093464
0.095587
0.097929
0.100303
0.102774
0.105837
0.109315
0.111492
0.114299
0.117121
0.119686
0.121861
0.124632
0.127194
0.129827
0.132468
0.135235
0.138216
0.141282
0.144096
0.147152
0.150564
0.153652
0.156269
0.159284
0.162511
0.166503
0.170082
0.173225
0.175837
0.179337
0.182818
0.185916
0.189650
0.193066
0.196161
0.199286
0.202911
0.206491
0.210680
0.215251
0.218224
0.221467
0.225746
0.229376
0.234075
0.237634
0.242689
0.248017
0.252745
0.259231
0.264530
0.270232
0.276815
0.282933
0.288482
0.294284
0.301152
0.309782
0.319882
0.327700
0.338299
0.349689
0.358619
0.369086
0.386153
0.401354
0.415111
0.433362
0.457139
0.477854
0.511524
0.552031
0.608095
0.699834

-0.021412
-0.002579
-0.001646
-0.001187
-0.000929
-0.000769
-0.000669
-0.000568
-0.000495
-0.000419
-0.000371
-0.000324
-0.000275
-0.000243
-0.000219
-0.000194
-0.000171
-0.000150
-0.000129
-0.000116
-0.000102
-0.000091
-0.000082
-0.000073
-0.000061
-0.000053
-0.000049
-0.000042
-0.000038
-0.000034
-0.000030
-0.000026
-0.000022
-0.000019
-0.000016
-0.000013
-0.000010
-0.000008
-0.000005
-0.000004
-0.000003
-0.000002
-0.000002
-0.000001
-0.000001
-0.000000
-0.000000
0.000000
0.000000
0.000001
0.000001
0.000001
0.000002
0.000003
0.000004
0.000005
0.000007
0.000008
0.000010
0.000012
0.000015
0.000017
0.000020
0.000024
0.000027
0.000031
0.000036
0.000039
0.000044
0.000048
0.000053
0.000058
0.000065
0.000071
0.000078
0.000085
0.000096
0.000105
0.000116
0.000128
0.000142
0.000156
0.000171
0.000185
0.000202
0.000217
0.000244
0.000278
0.000306
0.000334
0.000379
0.000426
0.000482
0.000555
0.000627
0.000786
0.000947
0.001193
0.001555
0.002622

