0.002397
0.010614
0.016418
0.025222
0.047472
0.099474
0.131873
0.163072
0.190860
0.212047
0.233641
0.259579
0.277847
0.303148
0.331538
0.354252
0.373613
0.392252
0.414418
0.433379
0.451877
0.474357
0.494427
0.512961
0.531337
0.551700
0.576592
0.596666
0.620736
0.644020
0.671506
0.700112
0.724556
0.758253
0.786033
0.816526
0.856840
0.886366
0.928031
0.961001
1.004264
1.058420
1.091810
1.139826
1.199230
1.262951
1.316369
1.393267
1.471173
1.556854
1.640437
1.725618
1.852687
1.959827
2.073890
2.182755
2.296602
2.441795
2.559594
2.741921
2.906166
3.112027
3.408797
3.607806
3.887754
4.168722
4.536061
4.877337
5.225101
5.782724
6.485579
7.085624
7.675773
8.197388
9.014003
9.518153
10.617584
11.595301
12.582592
14.202527
15.808888
18.443584
22.655088
30.985071
44.806068
63.611320
94.891556
136.423386
230.738220
356.979645
560.331726
709.510376
920.826904
1195.460571
1597.100586
2140.488037
2883.705566
4743.491699
9911.385742
22266.789062

0.002419
0.011169
0.016487
0.020775
0.024929
0.028116
0.031719
0.034558
0.036828
0.039475
0.041403
0.044140
0.046077
0.048335
0.050304
0.052575
0.055576
0.057648
0.059995
0.062300
0.064201
0.066411
0.068836
0.070629
0.072146
0.074802
0.077100
0.079361
0.081907
0.083933
0.086067
0.088478
0.090203
0.092367
0.094675
0.096928
0.099443
0.101707
0.104089
0.106489
0.109028
0.111813
0.114405
0.117035
0.119083
0.121947
0.125336
0.128215
0.130957
0.133991
0.136137
0.139384
0.141597
0.144122
0.146773
0.150287
0.153490
0.156566
0.159344
0.162657
0.166023
0.168756
0.171858
0.174890
0.178936
0.182423
0.185615
0.190086
0.194392
0.199241
0.204039
0.208474
0.212757
0.217750
0.222146
0.226836
0.233557
0.238497
0.244271
0.250294
0.257726
0.264550
0.270982
0.276097
0.285148
0.295248
0.304294
0.315122
0.326066
0.338955
0.355508
0.371210
0.387223
0.407508
0.430655
0.464324
0.500506
0.542803
0.609796
0.769535

-0.246499
-0.085350
-0.060013
-0.048982
-0.040162
-0.033920
-0.028431
-0.024026
-0.020662
-0.018401
-0.016648
-0.014482
-0.013075
-0.011706
-0.010730
-0.009417
-0.008367
-0.007457
-0.006664
-0.006001
-0.005356
-0.004758
-0.004285
-0.003782
-0.003372
-0.002885
-0.002488
-0.002192
-0.001971
-0.001633
-0.001408
-0.001155
-0.000973
-0.000791
-0.000623
-0.000497
-0.000402
-0.000299
-0.000222
-0.000150
-0.000102
-0.000058
-0.000028
-0.000013
-0.000009
-0.000005
-0.000002
0.000001
0.000006
0.000010
0.000016
0.000031
0.000073
0.000124
0.000193
0.000271
0.000355
0.000443
0.000528
0.000657
0.000763
0.000875
0.001000
0.001147
0.001301
0.001470
0.001684
0.001889
0.002067
0.002291
0.002599
0.002895
0.003160
0.003359
0.003737
0.004105
0.004470
0.004912
0.005371
0.006018
0.006464
0.006925
0.007582
0.008396
0.009328
0.010033
0.011052
0.012092
0.013253
0.014723
0.016334
0.017908
0.020052
0.022728
0.027098
0.032263
0.037986
0.044346
0.060860
0.082127

