0.000009
0.000019
0.000030
0.000044
0.000056
0.000071
0.000082
0.000090
0.000100
0.000113
0.000123
0.000135
0.000143
0.000154
0.000162
0.000171
0.000179
0.000187
0.000194
0.000202
0.000211
0.000219
0.000229
0.000238
0.000251
0.000259
0.000267
0.000277
0.000285
0.000294
0.000307
0.000320
0.000331
0.000342
0.000354
0.000370
0.000386
0.000398
0.000410
0.000425
0.000438
0.000450
0.000463
0.000480
0.000494
0.000514
0.000529
0.000544
0.000558
0.000573
0.000592
0.000610
0.000627
0.000649
0.000672
0.000697
0.000713
0.000735
0.000759
0.000786
0.000812
0.000844
0.000865
0.000897
0.000929
0.000954
0.000981
0.001009
0.001045
0.001095
0.001129
0.001162
0.001202
0.001239
0.001301
0.001353
0.001416
0.001464
0.001518
0.001582
0.001665
0.001742
0.001828
0.001928
0.002006
0.002097
0.002195
0.002310
0.002419
0.002521
0.002651
0.002808
0.003000
0.003187
0.003485
0.003766
0.004295
0.005027
0.006602
0.009289

0.000047
0.000062
0.000066
0.000069
0.000072
0.000074
0.000075
0.000076
0.000078
0.000079
0.000081
0.000082
0.000083
0.000084
0.000086
0.000087
0.000088
0.000089
0.000090
0.000092
0.000093
0.000094
0.000095
0.000096
0.000097
0.000098
0.000099
0.000101
0.000102
0.000103
0.000104
0.000106
0.000107
0.000108
0.000109
0.000111
0.000112
0.000114
0.000115
0.000117
0.000118
0.000119
0.000121
0.000123
0.000125
0.000126
0.000128
0.000131
0.000132
0.000134
0.000136
0.000138
0.000140
0.000143
0.000145
0.000148
0.000150
0.000152
0.000155
0.000158
0.000161
0.000165
0.000169
0.000173
0.000177
0.000182
0.000187
0.000191
0.000197
0.000201
0.000207
0.000212
0.000219
0.000225
0.000230
0.000238
0.000248
0.000259
0.000269
0.000283
0.000294
0.000306
0.000322
0.000340
0.000356
0.000377
0.000396
0.000423
0.000449
0.000484
0.000528
0.000577
0.000628
0.000696
0.000788
0.000904
0.001082
0.001358
0.001736
0.003153

0.001309
0.010359
0.015047
0.017644
0.021025
0.024002
0.026782
0.028640
0.031142
0.033486
0.035636
0.037514
0.038970
0.041187
0.043104
0.045157
0.046840
0.049323
0.050971
0.052578
0.054304
0.056068
0.058031
0.059417
0.061194
0.063412
0.064909
0.066591
0.068078
0.069728
0.071506
0.073338
0.075205
0.076662
0.078301
0.079822
0.081677
0.083490
0.084795
0.086727
0.088827
0.090269
0.092126
0.093960
0.095494
0.097235
0.099237
0.101038
0.102536
0.104455
0.106634
0.108782
0.110844
0.112633
0.115088
0.117190
0.118958
0.121726
0.123700
0.125835
0.128507
0.130523
0.133491
0.136102
0.138337
0.141464
0.144708
0.148505
0.151398
0.154935
0.157349
0.160855
0.164312
0.167469
0.172474
0.176467
0.181500
0.186646
0.192321
0.199734
0.205684
0.212389
0.218901
0.229493
0.237946
0.248067
0.259251
0.269923
0.282513
0.296190
0.309711
0.327227
0.349884
0.370270
0.401835
0.439535
0.482051
0.566376
0.751236
1.093824

-0.007425
-0.002923
-0.001660
-0.001190
-0.000967
-0.000841
-0.000751
-0.000663
-0.000590
-0.000543
-0.000500
-0.000462
-0.000423
-0.000390
-0.000364
-0.000339
-0.000312
-0.000293
-0.000271
-0.000255
-0.000241
-0.000224
-0.000214
-0.000201
-0.000191
-0.000178
-0.000169
-0.000159
-0.000151
-0.000143
-0.000134
-0.000126
-0.000119
-0.000110
-0.000104
-0.000096
-0.000088
-0.000081
-0.000076
-0.000070
-0.000065
-0.000059
-0.000054
-0.000049
-0.000046
-0.000041
-0.000037
-0.000032
-0.000029
-0.000025
-0.000022
-0.000019
-0.000016
-0.000013
-0.000009
-0.000007
-0.000004
-0.000003
-0.000001
0.000000
0.000001
0.000003
0.000005
0.000007
0.000010
0.000013
0.000017
0.000021
0.000027
0.000031
0.000038
0.000043
0.000052
0.000060
0.000070
0.000080
0.000090
0.000103
0.000116
0.000131
0.000148
0.000169
0.000194
0.000217
0.000252
0.000285
0.000318
0.000352
0.000397
0.000436
0.000504
0.000565
0.000652
0.000745
0.000853
0.001004
0.001196
0.001545
0.002029
0.003706

