0.000000
0.000000
0.000000
0.000000
0.000000
0.000001
0.000001
0.000001
0.000001
0.000001
0.000001
0.000001
0.000002
0.000003
0.000004
0.000005
0.000006
0.000008
0.000009
0.000012
0.000013
0.000016
0.000017
0.000019
0.000021
0.000023
0.000025
0.000027
0.000029
0.000030
0.000032
0.000034
0.000037
0.000039
0.000041
0.000043
0.000046
0.000048
0.000051
0.000053
0.000056
0.000059
0.000062
0.000065
0.000069
0.000072
0.000075
0.000080
0.000083
0.000087
0.000092
0.000096
0.000102
0.000107
0.000112
0.000117
0.000124
0.000129
0.000134
0.000139
0.000146
0.000152
0.000158
0.000167
0.000174
0.000184
0.000193
0.000201
0.000212
0.000223
0.000233
0.000243
0.000252
0.000266
0.000279
0.000294
0.000308
0.000319
0.000333
0.000352
0.000368
0.000383
0.000404
0.000423
0.000447
0.000472
0.000497
0.000521
0.000549
0.000581
0.000614
0.000644
0.000689
0.000732
0.000782
0.000838
0.000926
0.001042
0.001158
0.001533

0.000001
0.000001
0.000001
0.000001
0.000001
0.000002
0.000002
0.000002
0.000002
0.000002
0.000002
0.000002
0.000002
0.000002
0.000002
0.000002
0.000002
0.000002
0.000002
0.000002
0.000003
0.000003
0.000003
0.000003
0.000003
0.000003
0.000003
0.000003
0.000003
0.000004
0.000004
0.000004
0.000004
0.000004
0.000004
0.000004
0.000005
0.000005
0.000005
0.000005
0.000006
0.000006
0.000006
0.000006
0.000007
0.000007
0.000007
0.000008
0.000008
0.000008
0.000009
0.000010
0.000010
0.000010
0.000011
0.000012
0.000012
0.000013
0.000014
0.000015
0.000016
0.000017
0.000018
0.000019
0.000020
0.000021
0.000022
0.000024
0.000026
0.000028
0.000029
0.000031
0.000033
0.000035
0.000038
0.000041
0.000043
0.000047
0.000051
0.000055
0.000059
0.000063
0.000069
0.000074
0.000081
0.000088
0.000094
0.000104
0.000114
0.000127
0.000141
0.000159
0.000183
0.000214
0.000251
0.000302
0.000378
0.000476
0.000714
0.001557

0.000617
0.010177
0.015643
0.020024
0.023450
0.026202
0.029064
0.031690
0.033969
0.036435
0.038523
0.040577
0.043015
0.044925
0.046846
0.048447
0.050589
0.052570
0.054276
0.055853
0.057675
0.059188
0.060933
0.062615
0.064094
0.065921
0.067419
0.069276
0.070949
0.072511
0.073665
0.075313
0.077149
0.078724
0.080580
0.082825
0.084899
0.086702
0.088412
0.090369
0.092064
0.094354
0.096423
0.099305
0.101072
0.102824
0.104413
0.106559
0.109103
0.111710
0.113596
0.115272
0.117518
0.119958
0.122411
0.125468
0.127829
0.131197
0.134933
0.138298
0.141494
0.145086
0.148309
0.152402
0.157145
0.160955
0.164509
0.167696
0.172046
0.177361
0.181634
0.185720
0.192104
0.200038
0.205971
0.212480
0.218812
0.225348
0.232271
0.241130
0.254017
0.266032
0.277864
0.288469
0.302807
0.314152
0.323899
0.337474
0.356642
0.371143
0.390816
0.416988
0.443415
0.478636
0.529127
0.584240
0.702727
0.820622
1.023274
1.352582

-0.001168
-0.000307
-0.000230
-0.000198
-0.000170
-0.000147
-0.000133
-0.000122
-0.000111
-0.000101
-0.000093
-0.000085
-0.000079
-0.000073
-0.000068
-0.000064
-0.000059
-0.000056
-0.000052
-0.000048
-0.000045
-0.000041
-0.000039
-0.000036
-0.000033
-0.000031
-0.000029
-0.000027
-0.000025
-0.000024
-0.000022
-0.000021
-0.000019
-0.000018
-0.000016
-0.000015
-0.000014
-0.000013
-0.000012
-0.000011
-0.000010
-0.000010
-0.000009
-0.000008
-0.000007
-0.000006
-0.000006
-0.000005
-0.000005
-0.000004
-0.000003
-0.000003
-0.000003
-0.000002
-0.000002
-0.000001
-0.000001
-0.000001
-0.000000
-0.000000
-0.000000
-0.000000
-0.000000
-0.000000
-0.000000
0.000000
0.000000
0.000000
0.000000
0.000000
0.000000
0.000001
0.000002
0.000003
0.000004
0.000006
0.000008
0.000011
0.000015
0.000020
0.000024
0.000030
0.000036
0.000043
0.000051
0.000059
0.000066
0.000075
0.000086
0.000096
0.000107
0.000122
0.000138
0.000153
0.000168
0.000189
0.000215
0.000244
0.000304
0.000413

